シュミット・ダニエル,三上朋也,三浦弦太,上林誠知,上田仁,中島翔哉,中村奨吾,中村航輔,丹羽孝希,乾貴士,井上琴絵,京田陽太,今村優香,今永昇太,伊藤美誠,佐々木翔,佐藤瞳,佐藤美弥,入澤まい,内瀬戸真実,冨安健洋,冨永こよみ,加藤美優,南野拓実,原樹理,古賀紗理那,吉川尚輝,吉村真晴,吉田正尚,堂安律,大城滉二,大山悠輔,大島祐哉,大竹壱青,奥村麻依,宇佐美貴史,安西幸輝,室屋成,宮下遥,小幡真子,小林祐希,小林誠司,小野寺太志,山口蛍,山岡泰輔,山岸あかね,山本由伸,山﨑康晃,岡本和真,岩坂名奈,島村春世,平野美宇,張本智和,新鍋理沙,早田ひな,昌子源,木原美悠,李博,村上宗隆,東口順昭,東谷玲衣奈,松平健太,松永昂大,柳田将洋,柴崎岳,梅野雄吾,森さくら,森原康平,森唯斗,森薗政崇,橋本帆乃香,橋本拳人,水谷隼,深津旭弘,深津英臣,清水邦広,田代佳奈美,田口麗斗,田村龍弘,甲斐拓也,石井優希,石川佳純,石川祐希,福澤達哉,芥川愛加,荒木絵里香,藤井直伸,西大伍,西川遥輝,西田有志,近藤健介,野間峻祥,鈴木武蔵,鍋谷友理枝,鎌田大地,長内美和子,長﨑美柚,香川真司,高橋礼,黒後愛
1.0000000000000002,0.5447265504710813,0.643316179618183,0.5534876101693652,0.18125653278579362,0.6633160401054325,0.5185044914835641,0.6585983160157579,0.46944286719662787,0.7242528402612654,0.4615465416228722,0.5395644298549044,0.5419743217413411,0.570431965163661,0.4296635158887068,0.6623935202720289,0.19148542155126766,0.43668754278051203,0.46731216926370955,0.549816791728414,0.6708409793759729,0.560156587015636,0.44431530371184963,0.6194710806195909,0.5677083820153922,0.48958714030148237,0.5697801519743998,0.40969477662494186,0.6048912913315454,0.6474879037597874,0.5610687001183255,0.580310173507878,0.3556957522745174,0.4933413444616611,0.543261690260989,0.6848936185987272,0.589957483349914,0.6438783496999533,0.5600640109735189,0.46723290762607395,0.6924032189780456,0.561883462214004,0.41657665466108856,0.7016971589353955,0.4792478680467157,0.434247995037807,0.57000866922808,0.5995435930325227,0.5519909319990413,0.49544346163719805,0.4655314991701171,0.439979190516138,0.426578111417276,0.5361766815953547,0.3900119595344697,0.6651739535610158,0.42303823114551686,0.31402100725451526,0.49342592605449526,0.6829248265413447,0.48062896300198665,0.4093119187148942,0.5471158158561803,0.5908826781102616,0.6967124201616285,0.4204565988225526,0.36601855165598457,0.5728619772158449,0.5474109303715943,0.40208973223332484,0.36785317442322274,0.667038585130581,0.49559214601987184,0.3793163823973229,0.3902775616535793,0.4817929903980628,0.5203148857876839,0.5118415280785723,0.554371175072417,0.5693756476320286,0.4557583744057091,0.5157839064174181,0.5506127698169863,0.44352314148650934,0.4574369794342604,0.5748183927454017,0.370780374289693,0.6912008445225978,0.5704942491567848,0.41300136084225325,0.5761007368083126,0.5760620518241295,0.660654859189106,0.5503479652755,0.673705982789038,0.44917604562401775,0.4023128048753906,0.6455329889591356,0.5703365315420431,0.5290686982222059
0.5447265504710813,1.0,0.5226041181366764,0.6884292352616979,0.184045344643985,0.6058497810891808,0.6456009356800977,0.5441741854270618,0.4606536856526464,0.666125627352492,0.38117813184441013,0.6195347037250286,0.45595191035251864,0.8199127076757413,0.4319010050550748,0.5978271206218466,0.14670292399955698,0.35427310851941124,0.42094736032324004,0.4428313337269929,0.5926135949343339,0.48252066225778883,0.39896211687401517,0.6084387102464742,0.7440138196682045,0.4503458931550513,0.6001521055664487,0.40428475035848327,0.7259497663583492,0.6292449548619026,0.6604765294086873,0.7246261152800847,0.3256921284233686,0.3647774382454143,0.42849130043227424,0.644110555194678,0.4536293729481126,0.55072390120416,0.5124338090710204,0.4022117610595713,0.6406070421196828,0.5896810329234112,0.32321197041649047,0.5864850715885412,0.6957660476557727,0.3816931862088401,0.7984717478234159,0.853974321614887,0.7019714723069814,0.44230419954040057,0.3896367913899518,0.4345307632528757,0.4004442973652699,0.532180333293565,0.36863971150175784,0.5476235439816414,0.39268940491417087,0.2125946499278906,0.5209069486093334,0.5889244768810868,0.40479503206577744,0.3745821570872915,0.6854663483182584,0.5476635533560138,0.5904673750378524,0.581401608120455,0.33552025277681247,0.7724980004984502,0.7561748562483545,0.3446611406314687,0.3252909559638679,0.555376884742207,0.4580107158211599,0.2980828785619621,0.33856503591547843,0.4394589480678172,0.43774147655833584,0.667804095395403,0.6078123967323827,0.6700597148893196,0.4525645373384535,0.47557919738077725,0.4307182736005959,0.34327778739876313,0.38094709226089224,0.506504065030515,0.3083921413672307,0.5811717708275786,0.7043761782558816,0.38326879976720185,0.7258662599035667,0.7046243378377472,0.5792862651699762,0.4935553057590939,0.6110699587789736,0.421466398428022,0.3408330946619844,0.6489006981785038,0.6169737912228715,0.45290243244259276
0.643316179618183,0.5226041181366764,0.9999999999999998,0.5587200917868436,0.1878753962889651,0.6670796192578222,0.5020906324115416,0.6724529739513249,0.4999113149798395,0.7424443318420224,0.49268030656564304,0.5297676399351254,0.5973674761715148,0.5237695681977327,0.44630957836926477,0.661219713724478,0.1927100776013935,0.48687950506853517,0.4853111405783949,0.6009362592890638,0.6654735015682707,0.6050824301536579,0.4927018368180982,0.6565211141902115,0.5808346901519967,0.5654714263978196,0.574758575082408,0.4523252722359443,0.5569832412708119,0.7100788743923253,0.5511370898568647,0.5416975001198625,0.4011370615017936,0.527090514245149,0.5569683351425867,0.6950315559736037,0.6702988399970156,0.6659068169851743,0.5565659305502498,0.5022527077568983,0.7057460299109009,0.5707704460611586,0.46917864308507157,0.7058887800454084,0.47790516294701507,0.48151367645869764,0.555504207477679,0.5763874656032348,0.5299167254917102,0.5167382714595136,0.5058328198172601,0.4809609612725168,0.47709234191880573,0.5472059125852107,0.4484799136830054,0.6934468649841258,0.4577934752449087,0.34690305573343033,0.5445091478901528,0.7026152776168383,0.5354794966818113,0.48339891887417,0.5736241406425501,0.6616581113173564,0.6824172411105287,0.45119176115347637,0.38671407279070896,0.5444773443218273,0.5529491780742227,0.4003460184850431,0.4175166910270194,0.645715371304848,0.5239943255153691,0.39989193569977044,0.4546365108201787,0.5593774758191544,0.5415275654015302,0.5466910603766415,0.599083390164791,0.5998409166143364,0.4625588502651507,0.5457665325906597,0.5895486705592972,0.5213634590293584,0.5047109838923067,0.5878054908536443,0.43673701453135866,0.7400570798562202,0.5505036453416474,0.49872959073561945,0.5159237662030507,0.579766254281603,0.6487395405109492,0.5609076328951703,0.7418699420522539,0.5329403981336421,0.44839020872887614,0.6348479010128102,0.6205069171201574,0.5473415671190722
0.5534876101693652,0.6884292352616979,0.5587200917868436,0.9999999999999999,0.18063486944416055,0.6161055734675414,0.7948223990812363,0.5586065673658965,0.4361770861879615,0.6825003446583395,0.37677795053550167,0.6058573243123608,0.4879205470276825,0.7003506794807164,0.4663862897500027,0.5698373588395672,0.15555517244877246,0.3529650126200077,0.42681004888261237,0.5126489143249697,0.6411761475756953,0.4859298213311675,0.432620362890889,0.6195321002575275,0.6799564236855028,0.4753339000117349,0.7211802960144964,0.41149927889838095,0.7776557678006553,0.68166444166451,0.6683274858920449,0.8014694466768839,0.3058801822835346,0.3738347291001529,0.4486305716186311,0.6487384701571448,0.4890419427398521,0.5871164099284198,0.5201287218146725,0.3812854545904055,0.6865338537572931,0.6157629795535015,0.3152828319772756,0.6236182769830514,0.6354838767079637,0.41445399979293784,0.662936267175943,0.6940324513673108,0.8115056554880626,0.41308313521951456,0.40502248436363886,0.4561759226172366,0.4144421233552479,0.47148634322185257,0.367996765348589,0.5413519900763595,0.394455129901135,0.21398876627326716,0.6985099096540797,0.6093733622928709,0.4585263682903831,0.36709772607755214,0.582698833549724,0.5782719728823659,0.6271069841362975,0.5397552446289304,0.31046504669692154,0.6898955439924666,0.7019915461338387,0.31919677944605745,0.2825706215161895,0.569074592222788,0.4314389994232822,0.32760334633767363,0.35033464165514483,0.406229428320905,0.4275684887720302,0.6169364706328839,0.634371930073155,0.7624602894851731,0.4648922730667215,0.4738155757555162,0.42704055367557664,0.3164064600650342,0.33868976750783175,0.5262771824199878,0.29192960123682316,0.604316216962346,0.7878404231391543,0.4061311433699856,0.7757472394446023,0.7807741089825332,0.5734379755085425,0.512945729763902,0.6497574127112937,0.47829989714266036,0.3398763265363129,0.643150462339357,0.5681333233251349,0.4775774217923286
0.18125653278579362,0.184045344643985,0.1878753962889651,0.18063486944416055,1.0,0.1763806137768272,0.18930111150520257,0.16722975238556465,0.429099625087461,0.16970630265561462,0.16124703540883556,0.23126096475628324,0.17966337080920805,0.17101871396014498,0.315186952235348,0.17204135313789326,0.17425702504599896,0.1796455497140088,0.24319549441182658,0.18255957831420577,0.16865670759513535,0.2053850439078432,0.3591957990320564,0.17385570149049348,0.18211218620270084,0.228024274365249,0.17978967717261776,0.44605241523830486,0.2070918473131248,0.18352668428632596,0.18962818013646884,0.17753524695071501,0.3373649268090372,0.18589512173460357,0.17072020890703304,0.1723090008228622,0.18035732295128867,0.20646449759294833,0.24027475681578914,0.17614242084180573,0.1853860086730053,0.17437365962519807,0.23558125179748907,0.1814482966217137,0.15813830653043373,0.2231695353962414,0.17807693962396068,0.19041483178845253,0.19558180997191515,0.23178028773534332,0.18608085369166863,0.3180818251627032,0.39499133199734443,0.19597413312152928,0.3443233054731452,0.2268134027999689,0.4181641080401017,0.24662672658907275,0.18907694896770613,0.18706803469358618,0.20411329766209618,0.3130365257733559,0.18789514845155042,0.19643629876439403,0.20203843393621312,0.19342363788168904,0.4180532287948694,0.19318426944738987,0.15449514881097481,0.3521910387428421,0.28429692623741337,0.1800920476292786,0.4125403220915025,0.2072006451850405,0.159652763029808,0.20053086761388977,0.1917021103031144,0.18150721135067727,0.21832276239155318,0.21869464796106847,0.18097604628810424,0.3692771461159496,0.19912576573338175,0.2123383308823278,0.18351287678257672,0.2209423327081632,0.1826965305714228,0.18947571876956773,0.17969280111327696,0.18095094996691038,0.18027691663103262,0.21148739281920578,0.20486170168682938,0.26127407148258874,0.1760409478941285,0.17998185316011306,0.32140740175150917,0.18819103848600233,0.22768418107158292,0.20537033378542294
0.6633160401054325,0.6058497810891808,0.6670796192578222,0.6161055734675414,0.1763806137768272,1.0000000000000002,0.5422410473359555,0.7485739126205584,0.5058618149805616,0.8353371999824064,0.474455549833472,0.5066886782755756,0.5641698268281249,0.5916570605748765,0.4862188094800814,0.696895585834996,0.19754890544437206,0.38686066145182957,0.4837708974312139,0.5320138254359316,0.7373774867787752,0.5368483068345009,0.4542268448596487,0.8539296968269653,0.6152763257169998,0.5623499274658559,0.5642292754030666,0.4214329731989776,0.6252714440478839,0.8164670206554503,0.5538790985288748,0.615411493471177,0.37233709651127944,0.4606923091841297,0.4995297349677964,0.8475714201917557,0.6009975815496745,0.7931818839229392,0.5903217305273377,0.4381484635104633,0.8262024395697956,0.5601426022284408,0.38703228285244895,0.7618457250359485,0.5190136453724037,0.4124267324901126,0.592303316612488,0.6088912884105305,0.5584311809901253,0.5335124289747579,0.4404903708613285,0.4750537931837411,0.4600377688225948,0.5780626067705591,0.4264113566117739,0.6765908178483271,0.43531674545322185,0.2547801470141993,0.5008773632336967,0.7310879819579637,0.5326580261384414,0.4299528266041842,0.5658561372911436,0.626748804590156,0.7839290510721391,0.41319906136038453,0.35211715615683686,0.5813651484104475,0.5873519419750873,0.40221959119654294,0.3299374057265886,0.7480750373909868,0.49186972693317865,0.33577685417715386,0.3637518489041072,0.5016918413402012,0.5163389544182487,0.5357417822370336,0.5720454794161041,0.6157493683077744,0.49429862901968746,0.5134279552073477,0.45566307159940517,0.4162674332608326,0.40881602119239946,0.5662422911965921,0.3461620223167063,0.7757899301974293,0.6127895129521231,0.44492274855410324,0.6057432783835995,0.5967716575281032,0.7973695776848441,0.5514474773298504,0.7772255800617529,0.557109300673015,0.38129526727691027,0.8291814040229645,0.558484635649314,0.5528854458824712
0.5185044914835641,0.6456009356800977,0.5020906324115416,0.7948223990812363,0.18930111150520257,0.5422410473359555,1.0,0.5255208700430757,0.4236906370945715,0.5993395262444897,0.3194817601092095,0.6699185527132921,0.40837765121961866,0.6574359735597959,0.37886360581473216,0.5627187849526328,0.14639350294806222,0.31515732252658685,0.39902322927871264,0.43862527887217506,0.5438590341195241,0.42421427002140905,0.381158717273117,0.5196792820635131,0.6601141051470754,0.45422909525376953,0.6806714709269585,0.3646789477104554,0.7906447444254183,0.5703075714995931,0.6750791531087637,0.7835072930776272,0.3047410087614338,0.33071438063537595,0.36643336364697565,0.5765032812905121,0.4173343557041885,0.518413323726339,0.46889502164220087,0.34241441900839076,0.6256428413087517,0.6499062684906275,0.2818139099237283,0.5772160923162393,0.5634082871415095,0.3711338954509535,0.6281324918871765,0.6410417077805948,0.7727522437276122,0.3846668301311464,0.35726108586066685,0.3993320494729563,0.35759241497720917,0.44902061154191103,0.3252308568725181,0.5114208852813026,0.3580477508002172,0.22787803737440399,0.6585118468074415,0.5508236938753781,0.39925244941984545,0.31198269993641853,0.5829871630343246,0.48485152734671616,0.5509770507951859,0.5400855306290991,0.2720476818058156,0.6406353951659459,0.6324525200968937,0.2925778239578992,0.2791223584959425,0.5201944568288435,0.4224002817162214,0.3104471364600409,0.2923820139313682,0.3499781498090496,0.3663248636883839,0.5621237338785359,0.6195974430861811,0.6856048924171703,0.4294624891999389,0.4552377829357093,0.3709526520658081,0.3217482898086763,0.30815362944784364,0.4820230307341012,0.2730934461377042,0.5278359735635297,0.7462816399027392,0.35075867139948164,0.7450145555956953,0.7477102764596547,0.5159798167249496,0.4207062306851006,0.5650216637483081,0.39643122935052516,0.3055810599352828,0.606835015877885,0.5599889607214962,0.40435387497600667
0.6585983160157579,0.5441741854270618,0.6724529739513249,0.5586065673658965,0.16722975238556465,0.7485739126205584,0.5255208700430757,1.0,0.5114020900696499,0.7462807558249513,0.4674382267547467,0.5330469927633391,0.5458205145766997,0.558033810735661,0.4393880249674307,0.6809218443768359,0.17259965494482943,0.4156723341346653,0.4275256912228508,0.5503745674215926,0.6837875814715261,0.5393081641581049,0.4567435924857466,0.7491338139612281,0.5722837238882338,0.5439618871518167,0.5315210515750453,0.4252637842475835,0.596493998937178,0.7194510508314188,0.5220823833457876,0.5754557853207891,0.37421801405122523,0.49616917871385285,0.5189321413954427,0.7517557216673403,0.5982427507408652,0.7381992396627293,0.5559590491290073,0.4567667221258301,0.7537810753366099,0.5515783345215205,0.4028390403535214,0.7601379131805578,0.49844556830120673,0.4282292403100518,0.5741662472490654,0.5967211450086476,0.5226400572152128,0.5476627758407279,0.4729292194901004,0.4461781435728321,0.4405678844598081,0.5646015949141963,0.40849210322714935,0.6925144680409067,0.41709689989710264,0.3042144031155297,0.45983895681968545,0.7693377219501074,0.49217272856510585,0.42632809361842816,0.5145938853521463,0.5629712867481869,0.7316263148974285,0.4055298782835253,0.343212278884552,0.5279787106707157,0.5476823989247884,0.3809361289926376,0.34918845896136613,0.7257760719431651,0.504259408654871,0.33800738364068744,0.37421558342070654,0.5148798665421843,0.5084970038747245,0.5284800138350868,0.554380941425871,0.556195014946204,0.49204512090884245,0.5081979766752321,0.44930066054032086,0.4645192438676858,0.4061034423285879,0.5699535128430148,0.3808099543037123,0.7223152762826426,0.5631501513382665,0.4419244935878677,0.5692256916877434,0.5501318482052364,0.7185124864212469,0.5367297567715646,0.7097254443362495,0.524196958866185,0.39782805713513136,0.7209007985595224,0.5345185838047868,0.5253926787118348
0.46944286719662787,0.4606536856526464,0.4999113149798395,0.4361770861879615,0.429099625087461,0.5058618149805616,0.4236906370945715,0.5114020900696499,1.0,0.5103385325469456,0.4955743866647628,0.48070170652623795,0.4928796390423452,0.44261583389882414,0.6405378165907946,0.5117629810592229,0.2295101242196988,0.42481753098229325,0.435498268228552,0.4608533688300209,0.4485292572610751,0.5093984801763165,0.7005091947982175,0.5262861495550378,0.5007051690122692,0.5385964356559818,0.39806402256265105,0.7182974214157931,0.48592506893376497,0.4843306923360529,0.43949797978312893,0.4543699270919886,0.5464164548121337,0.45261508322013716,0.474976327611708,0.5054930449913871,0.4248685214609683,0.5348914707735761,0.5093680557769006,0.4785703962062342,0.5007932754556405,0.5151235321048779,0.4398860304846124,0.5230714176984257,0.42333761458211716,0.4483039683731867,0.48125844596030887,0.5123940934399532,0.4571649699867204,0.5860534792065604,0.4904082386137497,0.6668192697980968,0.7095064962848296,0.5904520245996927,0.6657646878845289,0.5132013992498051,0.620493254466992,0.32432617516835166,0.39995586348277073,0.48756443811366235,0.49293354647696547,0.683934404606442,0.5230670839983463,0.4803261416514783,0.483866549956182,0.405058942108068,0.5997076552530362,0.4355285896003236,0.43295965985691515,0.605431747512083,0.5397789826649257,0.49263640290919625,0.7882725906902257,0.3712701782381029,0.456252139130221,0.5628016504221712,0.5339898083075761,0.46104271653874973,0.5201729258641736,0.45717650958567096,0.4081845166150847,0.7677855529220304,0.46885686259724874,0.5295744934625101,0.49909646646929773,0.5379658985411311,0.42613184170056667,0.5139724048309378,0.45900841568078066,0.41808131484436606,0.43826573937785746,0.45421896659985644,0.5345668549393664,0.5379642805831489,0.4869705393038586,0.49423259206025,0.620720563230549,0.4900913840742762,0.49202834493664205,0.5168216178805914
0.7242528402612654,0.666125627352492,0.7424443318420224,0.6825003446583395,0.16970630265561462,0.8353371999824064,0.5993395262444897,0.7462807558249513,0.5103385325469456,1.0000000000000002,0.4872623506926868,0.5780831993352675,0.5912100958788985,0.6708894094094368,0.4944907292279493,0.7250866039799773,0.19333886781374826,0.4411670921971343,0.4871219461931232,0.6169741636525333,0.8008511452217997,0.6205624103378817,0.5065437468936915,0.8474203986441328,0.6687053290928887,0.5667873220101499,0.6796793408603143,0.43761150607324145,0.6843510797849109,0.8664652425165409,0.6289822719955708,0.67198620651284,0.38040248078035394,0.5046947074662543,0.5514282151068528,0.8842297273576887,0.6561069664728998,0.7570289811144393,0.6114104823957847,0.4847753617023426,0.8624396606838459,0.6099651898757292,0.40321126037945554,0.7969898870736131,0.5844845104434091,0.47026054913368315,0.6646003867843676,0.7031951113485169,0.6354545282390694,0.5474316375968065,0.48675433729043033,0.49744261513904137,0.48545374795949403,0.6042331913457022,0.43475156341817073,0.7177225261826023,0.4592403304375135,0.2836270422950969,0.5754121959973137,0.7699250153846883,0.5378701602029926,0.4656333139188401,0.5960451350402194,0.7181303471471273,0.8340234595545541,0.4486756377260476,0.38092473120025105,0.6547691571347496,0.6625331589516844,0.4052051483628606,0.3840573915212205,0.7492499499452074,0.5234718833634554,0.3583571997252844,0.3876662082149757,0.5340886479291789,0.5543114317305083,0.6003210943115777,0.6174244448064039,0.6728922617741846,0.5331572529806496,0.5493585661386523,0.531786991332715,0.45594640039384104,0.46660736189610286,0.6226964115994961,0.3993342568683731,0.8071985516883285,0.6930056464238672,0.48231631714411227,0.6693915456808361,0.6764484094498887,0.7797670156728176,0.5745017800780752,0.8449996939626687,0.5498637099286285,0.4090047345884148,0.840078780496981,0.6071797595392463,0.5725698685516419
0.4615465416228722,0.38117813184441013,0.49268030656564304,0.37677795053550167,0.16124703540883556,0.474455549833472,0.3194817601092095,0.4674382267547467,0.4955743866647628,0.4872623506926868,1.0000000000000002,0.37434414805304805,0.6445720640704585,0.334205891743346,0.5050218613285559,0.44047344877992434,0.14523893014492,0.5606915599261932,0.5045872520495098,0.5892110727697019,0.43167405376138274,0.6784896926383974,0.5244049811570352,0.43567277318592856,0.4229944304147121,0.5566599242536585,0.411620961332565,0.46283984981359305,0.3863305178240255,0.4227691194000891,0.38258620913403707,0.3675881471660712,0.40999287889086505,0.6068184866321209,0.7331981436067769,0.441947563924609,0.431110489044635,0.44002170698729187,0.6135719910778965,0.7081988261491324,0.45971970184919897,0.47380100268619035,0.4961360193649734,0.48167580527878523,0.34484629805325334,0.579183355618894,0.39490752250708056,0.4057874959500037,0.3656635494157181,0.7095432386908669,0.6275488244039696,0.5449444937411331,0.5152346063821208,0.660025337810317,0.5521419815921865,0.4912829325404517,0.4703558734673523,0.29354737478784737,0.4068305918394177,0.500315001855861,0.5747481924367815,0.574422417912777,0.49092084039855416,0.5547484167652837,0.43823641401935626,0.3671559202505208,0.4827782078835331,0.36241745326414326,0.3240173502368979,0.5001567196511124,0.5228843369987459,0.46320432762294206,0.5524006549290508,0.5106556300814458,0.6535087460650394,0.6968190028185767,0.6742660051763452,0.40170141133734866,0.481400187283503,0.410731123718635,0.5266306123841848,0.5414926443362931,0.5161202287236353,0.6490362218545286,0.7308292703133316,0.7037220866398718,0.5432720453006811,0.5391175946409754,0.3868561235274459,0.45229128988514494,0.3636353585826962,0.3637902920061331,0.42840493620513564,0.5718826267814444,0.48777714626628915,0.6087769424042832,0.4993747044982781,0.39999218928618807,0.43450231425215996,0.6709735937718555
0.5395644298549044,0.6195347037250286,0.5297676399351254,0.6058573243123608,0.23126096475628324,0.5066886782755756,0.6699185527132921,0.5330469927633391,0.48070170652623795,0.5780831993352675,0.37434414805304805,1.0,0.4438914205043564,0.6320580674334373,0.4088835714647094,0.5891050069730711,0.19143544252320138,0.40532083896469007,0.4167242543262444,0.5046259545433669,0.4984382478234877,0.42492310661933647,0.42112907371748226,0.5437631118646753,0.6113172672322972,0.4728943433022929,0.573426315217187,0.44910393815092975,0.7241001244143598,0.51429082476164,0.6608231268816684,0.7003981878997435,0.35175303632956234,0.39824926988708953,0.3926999242089219,0.5544461381671406,0.4370015854331613,0.5277932287441217,0.506635327155311,0.434294383486988,0.5371086869484097,0.6158770459774736,0.38115451592388055,0.571087334039636,0.5601170654709214,0.399217573238888,0.639108583101521,0.6553427947711931,0.6576922529875293,0.49283109919023205,0.4489892767571112,0.44995695848166056,0.4090366618970796,0.5234224392174496,0.4136244579282153,0.5253299118820414,0.4353945416998007,0.3244162494919197,0.5087436949864307,0.5436838926123456,0.43787820363812674,0.3753176243133874,0.5778224991163543,0.4577073189753177,0.5363127559831229,0.49243195572959414,0.3782073806570826,0.5772328359682353,0.5694869641374473,0.36882567049398,0.3439872791916616,0.5125332437124783,0.5246256470738445,0.3545033587742945,0.3800703395894503,0.4236872607198552,0.4060752817910563,0.5410457663137369,0.6054569126615873,0.5935151200602532,0.4599783247921045,0.5037221468873341,0.38529241453499385,0.46175312595059886,0.38462649895204587,0.5188077121118769,0.37415314198694877,0.520270252636023,0.6795135713163918,0.4284457439624424,0.665916936098937,0.6502910158781764,0.5503568920914634,0.48173541159388056,0.49741226432868324,0.4202907233757709,0.3923397348916363,0.6011057170200389,0.5549178843026471,0.4675001809068965
0.5419743217413411,0.45595191035251864,0.5973674761715148,0.4879205470276825,0.17966337080920805,0.5641698268281249,0.40837765121961866,0.5458205145766997,0.4928796390423452,0.5912100958788985,0.6445720640704585,0.4438914205043564,1.0,0.42618377380542777,0.4802677619943632,0.5172992723559623,0.18534689804348542,0.5977322845036465,0.535487547638024,0.6804522361076796,0.5089262448435617,0.6689712785737792,0.5058164491259628,0.5198773247915365,0.4844134339616446,0.6708496891010453,0.5021733065543439,0.44534611141340724,0.4759300814116185,0.5184233810038976,0.4654529704566435,0.47463617972673555,0.38311220832318627,0.6267530152451735,0.7161813818814634,0.5287838624756444,0.4900554311173294,0.5311649941863541,0.66699932546263,0.6420878539252575,0.5757653071785285,0.533009369225863,0.5051356197026984,0.5888008329466615,0.39510532385434816,0.5954153285590507,0.4449215907568579,0.487204140298906,0.43649742836799565,0.6388328595237033,0.6454017577957075,0.4717681908396652,0.4585606865802724,0.6950384949839213,0.4811427258612747,0.5534123322483595,0.42196739752997947,0.3201220948252804,0.49045623577709535,0.5613272493342414,0.6119448765896942,0.5157302457289845,0.5671041366681718,0.6107409124854458,0.5396488360699934,0.3861455620762722,0.4091468311753311,0.4417375869348209,0.4292854727321299,0.4598758979905956,0.44693882503037335,0.5432065269753181,0.4836555631875042,0.4801993971531447,0.6162452153633984,0.7127760443792943,0.6072675223326581,0.4701292525334673,0.5495676080596437,0.5243145608488059,0.6198360337338109,0.5091753667035127,0.5571924708697026,0.6538644556281578,0.5598358233163746,0.7403782910777059,0.5334062099147755,0.618233987562302,0.4584511114283867,0.4833000198529132,0.45309152118952767,0.45969864581775943,0.5273420534285298,0.6413118165630934,0.5639603857108424,0.6417370734194335,0.42962460469566877,0.5144253839701904,0.5192022681318721,0.6843803336796275
0.570431965163661,0.8199127076757413,0.5237695681977327,0.7003506794807164,0.17101871396014498,0.5916570605748765,0.6574359735597959,0.558033810735661,0.44261583389882414,0.6708894094094368,0.334205891743346,0.6320580674334373,0.42618377380542777,1.0,0.430183854765338,0.5848171635958657,0.1305604002931548,0.35955911564067106,0.38993645427952833,0.4653551055628819,0.625633670354101,0.4338854200128735,0.3936057398936397,0.6491441880932984,0.8068170840550942,0.42743445237169675,0.6107879023718862,0.36722938182973913,0.7335431235003199,0.6777476885670397,0.6549507933841542,0.702602975233687,0.25478339003122336,0.34644221060896996,0.4311942357056795,0.6765254309128124,0.4546562488025507,0.5791226623048442,0.4882731322077616,0.3768171670849367,0.6469428800430279,0.5597559274078122,0.2554593602033524,0.5846851799646573,0.7732965573140178,0.3593991276017128,0.8078931167048092,0.8507134532282846,0.7025280784909929,0.40313205416927034,0.39341340432177047,0.44369155536733074,0.39230814428683697,0.48392430865932395,0.346415997085199,0.5629829443856832,0.3668888615137074,0.1932079828571686,0.510788816324171,0.6236190303647191,0.39370993883748445,0.3146334727739446,0.6474935879445243,0.5334339063577815,0.6371967313782546,0.5597616953432671,0.2980768647115835,0.7871188453008156,0.8070937778462881,0.31795548712199073,0.26615127634700664,0.5501814364734136,0.45531347835571095,0.28251903470372186,0.3147536972648619,0.38797655863627656,0.428259208366557,0.7274095549837981,0.5774432101590244,0.6666901719396461,0.45515004091809297,0.47971887590894385,0.39134811894795457,0.31899971907033,0.3402800152609983,0.48673307736065247,0.2751878234101459,0.5533035226999712,0.6917818957425431,0.3573063693538934,0.7134018283819488,0.6966064036759764,0.5831979896853442,0.4721802699255793,0.6115485116150279,0.37985823297325705,0.30427315824188755,0.6745907326538824,0.6116754773156275,0.399276150536985
0.4296635158887068,0.4319010050550748,0.44630957836926477,0.4663862897500027,0.315186952235348,0.4862188094800814,0.37886360581473216,0.4393880249674307,0.6405378165907946,0.4944907292279493,0.5050218613285559,0.4088835714647094,0.4802677619943632,0.430183854765338,0.9999999999999999,0.39353404697709965,0.19745647117042803,0.32569982230454086,0.3900679787936368,0.4244711752472506,0.4903356312727668,0.4767963045744858,0.7617265026360932,0.47951569081445405,0.486051441624796,0.4934271489852646,0.4364092988067081,0.6773289492981652,0.4390839835334699,0.5070508279570479,0.38885554197449906,0.4174973512888947,0.5372178382043994,0.4355624013943615,0.4323774749320493,0.4885513573830941,0.3688546378807439,0.46700749122649676,0.5028479338600689,0.41647635158516383,0.4815252272977981,0.40366481859940007,0.34440266079752124,0.46158262636447805,0.421363836142903,0.47497625178110153,0.4479290387099751,0.4826169138820882,0.4786998461949425,0.5628613939883724,0.4790690245731693,0.8989367308788749,0.7944094015683267,0.482751341169464,0.8269218811760741,0.4556610954254335,0.627885816387479,0.25236749626131105,0.39672478008821443,0.44726248645040917,0.48956457879466175,0.679264522471918,0.47378141439233007,0.45946962595128993,0.4807723762177333,0.38028443134657763,0.6149116183973742,0.4301909851792259,0.444788304272259,0.6419563923577744,0.5461470916475323,0.42918792073944223,0.6829947079548875,0.30788288709204825,0.41589772399744085,0.4852541615250427,0.5013540430356483,0.45783492803254205,0.45251379279675713,0.4461676081692311,0.3878308298869033,0.7710565865475167,0.4093940929001248,0.3893009143983067,0.44353173212827063,0.5002445359349109,0.38481552322905266,0.4676825182838766,0.4608181308679635,0.33819240220779173,0.4237815266363683,0.4463926791618209,0.4355503970631422,0.5077423833749951,0.4688239213056156,0.4867526038615063,0.6479897837062383,0.45908512033546,0.4280728164916469,0.48325709491020347
0.6623935202720289,0.5978271206218466,0.661219713724478,0.5698373588395672,0.17204135313789326,0.696895585834996,0.5627187849526328,0.6809218443768359,0.5117629810592229,0.7250866039799773,0.44047344877992434,0.5891050069730711,0.5172992723559623,0.5848171635958657,0.39353404697709965,1.0,0.1699700941593094,0.4233183895393023,0.4463796703569627,0.5336174996395441,0.6234819753354085,0.5089064477421696,0.41693167694342975,0.6613713404653344,0.6021601618664016,0.4505361248680515,0.52089099931896,0.4193649422838462,0.6552544412397776,0.6407201257434699,0.6134774923660967,0.6416981174611155,0.34480615604484993,0.4243602671017795,0.46619685287835205,0.7224860665734038,0.5935032215768453,0.6498057892841482,0.5390033860290846,0.42085449669595354,0.7181858819429574,0.6295334302922292,0.38786628915286325,0.7324109050267151,0.49192143931110005,0.3862565939749609,0.6067322860703416,0.6185709094462393,0.56654911391313,0.5174745087333891,0.4430143138127601,0.40604968695829996,0.4049243916094588,0.581222342407828,0.3907064486723464,0.6594761643216281,0.4280686910658634,0.28193773314123044,0.47394698028616156,0.7061749278021964,0.4485903024656573,0.3720815841551133,0.5982069429263183,0.5515721273682648,0.6476651281318522,0.43038077944425407,0.3416029734904433,0.5708920986042546,0.5751051594846216,0.3731662233797331,0.360062299905286,0.689334524183052,0.5271959136985978,0.32500326529060036,0.3765699913222332,0.5083232469251097,0.48288709044919764,0.5120442890230983,0.5873108204818841,0.6020744007581752,0.45799456542270117,0.5051230467513678,0.462452645226949,0.4854422139162998,0.4709147497281014,0.5548165909365536,0.3443319091075248,0.696792525457059,0.6092280856211005,0.4489048506692793,0.6219290918717495,0.6257978836825254,0.6789073221190048,0.517767176638636,0.6580965576535146,0.43362499286993555,0.42812269261513175,0.6981592440578368,0.5626194158704403,0.4981232617217966
0.19148542155126766,0.14670292399955698,0.1927100776013935,0.15555517244877246,0.17425702504599896,0.19754890544437206,0.14639350294806222,0.17259965494482943,0.2295101242196988,0.19333886781374826,0.14523893014492,0.19143544252320138,0.18534689804348542,0.1305604002931548,0.19745647117042803,0.1699700941593094,1.0,0.15932444118273442,0.2216562962057308,0.1968303560805175,0.2019674791744718,0.1836830324767881,0.19216889340259333,0.16325950005082268,0.1358399279494124,0.2714280756231416,0.14748525955173217,0.1758058552299094,0.16831116962881937,0.1694687024427111,0.17127408306551659,0.16746575113390297,0.14885929903466194,0.18444618423698395,0.15157064970556314,0.1691249756901983,0.19693588259993203,0.2142893571756434,0.2498051188478679,0.16540684785047013,0.18237691491214716,0.16051936955064625,0.27207884465924254,0.18097850777414443,0.11880004229578436,0.23234684426488467,0.15666197933758413,0.1516549471636946,0.16128252517887814,0.20978668328200575,0.1595448070434931,0.19007882301910517,0.20550823378325844,0.2065641194734463,0.1769444833453576,0.21298952193393308,0.19945535786847085,0.2198192281540807,0.18412907755597552,0.16527209333600001,0.22590026081226985,0.15698253719212615,0.17317579932188418,0.20624083156318165,0.19794096143023068,0.15741683090135689,0.14752766403075182,0.1511750212833297,0.12071021117453502,0.1777368923875118,0.1779796833258439,0.19513355974801813,0.22897249620112647,0.18552226124783358,0.16462046136922717,0.20976176963403032,0.19360448075911005,0.1460954260673022,0.16430390034990122,0.19740568439752584,0.18575479061601885,0.21223103317477574,0.20942812576189443,0.19939668037502106,0.16001893827313254,0.20522110632032672,0.1670467198245993,0.2024692293161501,0.18413690056368837,0.1814424618280232,0.14992913474039773,0.1853577651343034,0.19977480554627056,0.2173098875421623,0.16019883085738906,0.1897681667064559,0.18181818181818182,0.17281764466029403,0.21150822534098332,0.21554200236207
0.43668754278051203,0.35427310851941124,0.48687950506853517,0.3529650126200077,0.1796455497140088,0.38686066145182957,0.31515732252658685,0.4156723341346653,0.42481753098229325,0.4411670921971343,0.5606915599261932,0.40532083896469007,0.5977322845036465,0.35955911564067106,0.32569982230454086,0.4233183895393023,0.15932444118273442,1.0,0.5331912638482704,0.6480249788987892,0.362500139754372,0.6343661712803604,0.4045349707596928,0.42530930066137446,0.37385808397617,0.5487608695518382,0.3601087692749624,0.3515370283823188,0.38322514926690476,0.39309560663972887,0.372759662932106,0.366965847923092,0.31872971113867277,0.5330985094054261,0.7121742752257881,0.39984250436416113,0.4182329467073307,0.39824956391820676,0.6590547729691999,0.6421774651096879,0.40045079064650996,0.43158654268354946,0.46399193426145036,0.44361154949241527,0.2876519954698227,0.5260303384501485,0.36565778219265455,0.3966714792126177,0.34049517734280627,0.5569052575047403,0.6422489433524421,0.35737539999761786,0.3668849411644378,0.6543424094933248,0.3517087625043301,0.45614251384265553,0.37590470577805607,0.3925324396837093,0.377385952416662,0.4575688447776374,0.5398714922542329,0.37920603535588554,0.4311689404471946,0.5150383283538427,0.40504354300981266,0.30709241337198667,0.3041792811030952,0.3510721461425392,0.3295108184988793,0.33399437374980384,0.36041367060085966,0.42077566052368043,0.425533344006976,0.5457882752158589,0.5909579324259664,0.5848530927477587,0.5567546342856063,0.36314495192506896,0.45119272958133216,0.39471098889316447,0.6274643465704718,0.44800639861409547,0.4934954086111917,0.5886565219087883,0.575270168429199,0.6719000023729301,0.5399087737170571,0.48861831944146117,0.3517268906673711,0.4423956178783967,0.33790868023507203,0.36284266954587574,0.41699007042783137,0.5673010895268511,0.4304510194372719,0.5318862997949011,0.32802090831739444,0.39437016226863886,0.43609732692711106,0.5777386586020533
0.46731216926370955,0.42094736032324004,0.4853111405783949,0.42681004888261237,0.24319549441182658,0.4837708974312139,0.39902322927871264,0.4275256912228508,0.435498268228552,0.4871219461931232,0.5045872520495098,0.4167242543262444,0.535487547638024,0.38993645427952833,0.3900679787936368,0.4463796703569627,0.2216562962057308,0.5331912638482704,0.9999999999999999,0.5699876942713992,0.4444529602531917,0.5654791757589142,0.40808223682429823,0.4379537909952502,0.4740497362183788,0.5994091325506393,0.3957335982500475,0.4158380859547166,0.44758504176661434,0.447263948248056,0.42684367797731254,0.4178062498901592,0.3412365561073797,0.5086121745163803,0.5577895196315977,0.446066581133412,0.45980189171219965,0.4555986746345761,0.5715703475308469,0.5668536382289939,0.43137490900686465,0.4463905622107627,0.6049586433818963,0.46018478093544013,0.40596365103400245,0.5352079352052423,0.42658567129448166,0.44744655109779247,0.4447279744116263,0.5405687683112989,0.5613350953669631,0.39708981988794445,0.3940449947345523,0.5466599283237569,0.3790409137022671,0.44681336318084974,0.4282895663715401,0.3973351955237343,0.4065141153993515,0.45158400092484396,0.6221093394138818,0.3763899192662764,0.47800819128873206,0.5300241026166357,0.44868253443189215,0.44018144603679477,0.33069932044362915,0.4232702563766576,0.44468014677926315,0.36903051818534166,0.35223497683817345,0.41450391197552655,0.44443338710429403,0.5048332334209694,0.5017259740182454,0.5353971647940236,0.549595895749922,0.38499754452337476,0.4780664404617401,0.4393264919566427,0.5227018213748074,0.4685566878219258,0.5001316871822501,0.504476853553929,0.5396169677017515,0.5798540481652648,0.537057667635277,0.47371833880615855,0.44227737435100445,0.5107030357238009,0.40917183324184603,0.4312369762183992,0.47925898490927943,0.6292929820838461,0.4646400828759017,0.6134232558111101,0.37211390332719657,0.44415171556654137,0.4569309032104647,0.6470747151316675
0.549816791728414,0.4428313337269929,0.6009362592890638,0.5126489143249697,0.18255957831420577,0.5320138254359316,0.43862527887217506,0.5503745674215926,0.4608533688300209,0.6169741636525333,0.5892110727697019,0.5046259545433669,0.6804522361076796,0.4653551055628819,0.4244711752472506,0.5336174996395441,0.1968303560805175,0.6480249788987892,0.5699876942713992,0.9999999999999999,0.5449592139410844,0.6243436675429986,0.46084153381070575,0.5469433208684196,0.47522070099883706,0.6456033964854012,0.5285945742847898,0.39967950134987174,0.5079566442304402,0.5742566821462203,0.4936822572731609,0.488832554337296,0.35455700732375706,0.6073074999052607,0.6616345856490224,0.5534129597120099,0.5226747495812711,0.5253588328029117,0.6547369957155181,0.673487066055868,0.5731990318063536,0.5070373451095662,0.513253487822168,0.5983871101821436,0.4039501711959308,0.5822919167543613,0.5065168392877947,0.5156463183687277,0.4640526417132569,0.5989061213473327,0.6738917952395082,0.4315212034016766,0.4334001768594003,0.6452832219739729,0.4152046195698041,0.5560728229433728,0.43968350385872557,0.3920457575102818,0.4669452911862604,0.5749772410606723,0.6526171965269093,0.4428651006988555,0.49521539186211544,0.6173350499504431,0.5602955229816655,0.3365998779898974,0.3440414344842206,0.4590178286728195,0.44291211757610494,0.38183860465326913,0.38179823737489543,0.5258414075021871,0.4862472818255617,0.5182974711806615,0.576932729003523,0.6259715287193053,0.5978113536709301,0.44669737584083063,0.4915162275332635,0.543713226243839,0.6652460080316057,0.5024772510312914,0.5406801106856804,0.6288011419703001,0.5645417603642835,0.7347766551672507,0.5518198848250196,0.6042091140572101,0.4998029762216799,0.5491412865453955,0.47074603523139863,0.5016554800630156,0.5107442251809882,0.6144472268784077,0.5796735967042955,0.6212804850020655,0.40889919134146213,0.52766446919418,0.49615912485025965,0.6877349681669508
